计算点与点的相似度
( 0 , 0 )0
( 0 , 1 )488
( 0 , 2 )411
( 0 , 3 )439
( 0 , 4 )442
( 0 , 5 )378
( 0 , 6 )394
( 0 , 7 )467
( 0 , 8 )302
( 0 , 9 )297
( 0 , 10 )307
( 0 , 11 )358
( 0 , 12 )355
( 0 , 13 )357
( 0 , 14 )358
( 0 , 15 )359
( 1 , 0 )488
( 1 , 1 )0
( 1 , 2 )255
( 1 , 3 )601
( 1 , 4 )604
( 1 , 5 )668
( 1 , 6 )842
( 1 , 7 )601
( 1 , 8 )732
( 1 , 9 )749
( 1 , 10 )759
( 1 , 11 )338
( 1 , 12 )335
( 1 , 13 )333
( 1 , 14 )334
( 1 , 15 )341
( 2 , 0 )411
( 2 , 1 )255
( 2 , 2 )0
( 2 , 3 )352
( 2 , 4 )357
( 2 , 5 )421
( 2 , 6 )597
( 2 , 7 )838
( 2 , 8 )509
( 2 , 9 )520
( 2 , 10 )528
( 2 , 11 )571
( 2 , 12 )568
( 2 , 13 )566
( 2 , 14 )567
( 2 , 15 )574
( 3 , 0 )439
( 3 , 1 )601
( 3 , 2 )352
( 3 , 3 )0
( 3 , 4 )9
( 3 , 5 )73
( 3 , 6 )249
( 3 , 7 )490
( 3 , 8 )363
( 3 , 9 )378
( 3 , 10 )384
( 3 , 11 )759
( 3 , 12 )756
( 3 , 13 )754
( 3 , 14 )755
( 3 , 15 )752
( 4 , 0 )442
( 4 , 1 )604
( 4 , 2 )357
( 4 , 3 )9
( 4 , 4 )0
( 4 , 5 )70
( 4 , 6 )246
( 4 , 7 )493
( 4 , 8 )358
( 4 , 9 )375
( 4 , 10 )383
( 4 , 11 )758
( 4 , 12 )757
( 4 , 13 )755
( 4 , 14 )756
( 4 , 15 )751
( 5 , 0 )378
( 5 , 1 )668
( 5 , 2 )421
( 5 , 3 )73
( 5 , 4 )70
( 5 , 5 )0
( 5 , 6 )176
( 5 , 7 )423
( 5 , 8 )298
( 5 , 9 )315
( 5 , 10 )325
( 5 , 11 )702
( 5 , 12 )699
( 5 , 13 )701
( 5 , 14 )702
( 5 , 15 )703
( 6 , 0 )394
( 6 , 1 )842
( 6 , 2 )597
( 6 , 3 )249
( 6 , 4 )246
( 6 , 5 )176
( 6 , 6 )0
( 6 , 7 )257
( 6 , 8 )132
( 6 , 9 )149
( 6 , 10 )159
( 6 , 11 )728
( 6 , 12 )725
( 6 , 13 )727
( 6 , 14 )728
( 6 , 15 )729
( 7 , 0 )467
( 7 , 1 )601
( 7 , 2 )838
( 7 , 3 )490
( 7 , 4 )493
( 7 , 5 )423
( 7 , 6 )257
( 7 , 7 )0
( 7 , 8 )359
( 7 , 9 )382
( 7 , 10 )390
( 7 , 11 )495
( 7 , 12 )492
( 7 , 13 )494
( 7 , 14 )495
( 7 , 15 )496
( 8 , 0 )302
( 8 , 1 )732
( 8 , 2 )509
( 8 , 3 )363
( 8 , 4 )358
( 8 , 5 )298
( 8 , 6 )132
( 8 , 7 )359
( 8 , 8 )0
( 8 , 9 )33
( 8 , 10 )41
( 8 , 11 )612
( 8 , 12 )609
( 8 , 13 )611
( 8 , 14 )612
( 8 , 15 )611
( 9 , 0 )297
( 9 , 1 )749
( 9 , 2 )520
( 9 , 3 )378
( 9 , 4 )375
( 9 , 5 )315
( 9 , 6 )149
( 9 , 7 )382
( 9 , 8 )33
( 9 , 9 )0
( 9 , 10 )12
( 9 , 11 )605
( 9 , 12 )602
( 9 , 13 )604
( 9 , 14 )603
( 9 , 15 )600
( 10 , 0 )307
( 10 , 1 )759
( 10 , 2 )528
( 10 , 3 )384
( 10 , 4 )383
( 10 , 5 )325
( 10 , 6 )159
( 10 , 7 )390
( 10 , 8 )41
( 10 , 9 )12
( 10 , 10 )0
( 10 , 11 )593
( 10 , 12 )594
( 10 , 13 )596
( 10 , 14 )595
( 10 , 15 )590
( 11 , 0 )358
( 11 , 1 )338
( 11 , 2 )571
( 11 , 3 )759
( 11 , 4 )758
( 11 , 5 )702
( 11 , 6 )728
( 11 , 7 )495
( 11 , 8 )612
( 11 , 9 )605
( 11 , 10 )593
( 11 , 11 )0
( 11 , 12 )3
( 11 , 13 )5
( 11 , 14 )6
( 11 , 15 )163
( 12 , 0 )355
( 12 , 1 )335
( 12 , 2 )568
( 12 , 3 )756
( 12 , 4 )757
( 12 , 5 )699
( 12 , 6 )725
( 12 , 7 )492
( 12 , 8 )609
( 12 , 9 )602
( 12 , 10 )594
( 12 , 11 )3
( 12 , 12 )0
( 12 , 13 )2
( 12 , 14 )3
( 12 , 15 )164
( 13 , 0 )357
( 13 , 1 )333
( 13 , 2 )566
( 13 , 3 )754
( 13 , 4 )755
( 13 , 5 )701
( 13 , 6 )727
( 13 , 7 )494
( 13 , 8 )611
( 13 , 9 )604
( 13 , 10 )596
( 13 , 11 )5
( 13 , 12 )2
( 13 , 13 )0
( 13 , 14 )1
( 13 , 15 )162
( 14 , 0 )358
( 14 , 1 )334
( 14 , 2 )567
( 14 , 3 )755
( 14 , 4 )756
( 14 , 5 )702
( 14 , 6 )728
( 14 , 7 )495
( 14 , 8 )612
( 14 , 9 )603
( 14 , 10 )595
( 14 , 11 )6
( 14 , 12 )3
( 14 , 13 )1
( 14 , 14 )0
( 14 , 15 )161
( 15 , 0 )359
( 15 , 1 )341
( 15 , 2 )574
( 15 , 3 )752
( 15 , 4 )751
( 15 , 5 )703
( 15 , 6 )729
( 15 , 7 )496
( 15 , 8 )611
( 15 , 9 )600
( 15 , 10 )590
( 15 , 11 )163
( 15 , 12 )164
( 15 , 13 )162
( 15 , 14 )161
( 15 , 15 )0
计算完毕!