计算点与点的相似度
( 0 , 0 )0
( 0 , 1 )368
( 0 , 2 )327
( 0 , 3 )266
( 0 , 4 )262
( 0 , 5 )354
( 0 , 6 )246
( 0 , 7 )246
( 0 , 8 )254
( 0 , 9 )269
( 0 , 10 )264
( 0 , 11 )269
( 0 , 12 )264
( 0 , 13 )282
( 0 , 14 )261
( 0 , 15 )273
( 0 , 16 )268
( 0 , 17 )202
( 0 , 18 )220
( 0 , 19 )204
( 0 , 20 )175
( 0 , 21 )100
( 0 , 22 )99
( 0 , 23 )177
( 0 , 24 )181
( 0 , 25 )183
( 0 , 26 )272
( 0 , 27 )346
( 0 , 28 )272
( 0 , 29 )270
( 0 , 30 )372
( 0 , 31 )283
( 0 , 32 )267
( 0 , 33 )274
( 0 , 34 )337
( 0 , 35 )100
( 0 , 36 )99
( 0 , 37 )177
( 0 , 38 )181
( 0 , 39 )183
( 0 , 40 )272
( 0 , 41 )346
( 0 , 42 )272
( 0 , 43 )270
( 0 , 44 )372
( 0 , 45 )283
( 0 , 46 )267
( 0 , 47 )274
( 1 , 0 )368
( 1 , 1 )0
( 1 , 2 )85
( 1 , 3 )178
( 1 , 4 )174
( 1 , 5 )260
( 1 , 6 )322
( 1 , 7 )326
( 1 , 8 )326
( 1 , 9 )339
( 1 , 10 )322
( 1 , 11 )333
( 1 , 12 )308
( 1 , 13 )312
( 1 , 14 )301
( 1 , 15 )457
( 1 , 16 )472
( 1 , 17 )378
( 1 , 18 )382
( 1 , 19 )384
( 1 , 20 )377
( 1 , 21 )318
( 1 , 22 )305
( 1 , 23 )381
( 1 , 24 )391
( 1 , 25 )387
( 1 , 26 )330
( 1 , 27 )404
( 1 , 28 )478
( 1 , 29 )488
( 1 , 30 )576
( 1 , 31 )487
( 1 , 32 )451
( 1 , 33 )454
( 1 , 34 )369
( 1 , 35 )318
( 1 , 36 )305
( 1 , 37 )381
( 1 , 38 )391
( 1 , 39 )387
( 1 , 40 )330
( 1 , 41 )404
( 1 , 42 )478
( 1 , 43 )488
( 1 , 44 )576
( 1 , 45 )487
( 1 , 46 )451
( 1 , 47 )454
( 2 , 0 )327
( 2 , 1 )85
( 2 , 2 )0
( 2 , 3 )113
( 2 , 4 )121
( 2 , 5 )205
( 2 , 6 )271
( 2 , 7 )277
( 2 , 8 )285
( 2 , 9 )290
( 2 , 10 )283
( 2 , 11 )282
( 2 , 12 )273
( 2 , 13 )289
( 2 , 14 )282
( 2 , 15 )422
( 2 , 16 )429
( 2 , 17 )335
( 2 , 18 )353
( 2 , 19 )343
( 2 , 20 )340
( 2 , 21 )257
( 2 , 22 )266
( 2 , 23 )354
( 2 , 24 )362
( 2 , 25 )354
( 2 , 26 )281
( 2 , 27 )355
( 2 , 28 )429
( 2 , 29 )429
( 2 , 30 )523
( 2 , 31 )438
( 2 , 32 )418
( 2 , 33 )429
( 2 , 34 )344
( 2 , 35 )257
( 2 , 36 )266
( 2 , 37 )354
( 2 , 38 )362
( 2 , 39 )354
( 2 , 40 )281
( 2 , 41 )355
( 2 , 42 )429
( 2 , 43 )429
( 2 , 44 )523
( 2 , 45 )438
( 2 , 46 )418
( 2 , 47 )429
( 3 , 0 )266
( 3 , 1 )178
( 3 , 2 )113
( 3 , 3 )0
( 3 , 4 )8
( 3 , 5 )110
( 3 , 6 )216
( 3 , 7 )214
( 3 , 8 )226
( 3 , 9 )213
( 3 , 10 )212
( 3 , 11 )199
( 3 , 12 )226
( 3 , 13 )242
( 3 , 14 )229
( 3 , 15 )369
( 3 , 16 )364
( 3 , 17 )278
( 3 , 18 )308
( 3 , 19 )282
( 3 , 20 )271
( 3 , 21 )202
( 3 , 22 )207
( 3 , 23 )287
( 3 , 24 )295
( 3 , 25 )301
( 3 , 26 )238
( 3 , 27 )312
( 3 , 28 )380
( 3 , 29 )374
( 3 , 30 )460
( 3 , 31 )375
( 3 , 32 )371
( 3 , 33 )378
( 3 , 34 )297
( 3 , 35 )202
( 3 , 36 )207
( 3 , 37 )287
( 3 , 38 )295
( 3 , 39 )301
( 3 , 40 )238
( 3 , 41 )312
( 3 , 42 )380
( 3 , 43 )374
( 3 , 44 )460
( 3 , 45 )375
( 3 , 46 )371
( 3 , 47 )378
( 4 , 0 )262
( 4 , 1 )174
( 4 , 2 )121
( 4 , 3 )8
( 4 , 4 )0
( 4 , 5 )102
( 4 , 6 )212
( 4 , 7 )210
( 4 , 8 )226
( 4 , 9 )213
( 4 , 10 )208
( 4 , 11 )201
( 4 , 12 )226
( 4 , 13 )242
( 4 , 14 )223
( 4 , 15 )371
( 4 , 16 )364
( 4 , 17 )278
( 4 , 18 )310
( 4 , 19 )284
( 4 , 20 )267
( 4 , 21 )198
( 4 , 22 )203
( 4 , 23 )283
( 4 , 24 )291
( 4 , 25 )297
( 4 , 26 )240
( 4 , 27 )314
( 4 , 28 )382
( 4 , 29 )376
( 4 , 30 )462
( 4 , 31 )375
( 4 , 32 )369
( 4 , 33 )372
( 4 , 34 )293
( 4 , 35 )198
( 4 , 36 )203
( 4 , 37 )283
( 4 , 38 )291
( 4 , 39 )297
( 4 , 40 )240
( 4 , 41 )314
( 4 , 42 )382
( 4 , 43 )376
( 4 , 44 )462
( 4 , 45 )375
( 4 , 46 )369
( 4 , 47 )372
( 5 , 0 )354
( 5 , 1 )260
( 5 , 2 )205
( 5 , 3 )110
( 5 , 4 )102
( 5 , 5 )0
( 5 , 6 )124
( 5 , 7 )126
( 5 , 8 )146
( 5 , 9 )133
( 5 , 10 )120
( 5 , 11 )123
( 5 , 12 )146
( 5 , 13 )166
( 5 , 14 )145
( 5 , 15 )293
( 5 , 16 )284
( 5 , 17 )206
( 5 , 18 )236
( 5 , 19 )216
( 5 , 20 )201
( 5 , 21 )280
( 5 , 22 )283
( 5 , 23 )215
( 5 , 24 )221
( 5 , 25 )217
( 5 , 26 )154
( 5 , 27 )228
( 5 , 28 )302
( 5 , 29 )296
( 5 , 30 )376
( 5 , 31 )289
( 5 , 32 )289
( 5 , 33 )288
( 5 , 34 )219
( 5 , 35 )280
( 5 , 36 )283
( 5 , 37 )215
( 5 , 38 )221
( 5 , 39 )217
( 5 , 40 )154
( 5 , 41 )228
( 5 , 42 )302
( 5 , 43 )296
( 5 , 44 )376
( 5 , 45 )289
( 5 , 46 )289
( 5 , 47 )288
( 6 , 0 )246
( 6 , 1 )322
( 6 , 2 )271
( 6 , 3 )216
( 6 , 4 )212
( 6 , 5 )124
( 6 , 6 )0
( 6 , 7 )6
( 6 , 8 )32
( 6 , 9 )47
( 6 , 10 )30
( 6 , 11 )43
( 6 , 12 )56
( 6 , 13 )72
( 6 , 14 )51
( 6 , 15 )203
( 6 , 16 )208
( 6 , 17 )132
( 6 , 18 )150
( 6 , 19 )144
( 6 , 20 )119
( 6 , 21 )184
( 6 , 22 )183
( 6 , 23 )121
( 6 , 24 )127
( 6 , 25 )119
( 6 , 26 )58
( 6 , 27 )132
( 6 , 28 )204
( 6 , 29 )196
( 6 , 30 )280
( 6 , 31 )193
( 6 , 32 )199
( 6 , 33 )206
( 6 , 34 )129
( 6 , 35 )184
( 6 , 36 )183
( 6 , 37 )121
( 6 , 38 )127
( 6 , 39 )119
( 6 , 40 )58
( 6 , 41 )132
( 6 , 42 )204
( 6 , 43 )196
( 6 , 44 )280
( 6 , 45 )193
( 6 , 46 )199
( 6 , 47 )206
( 7 , 0 )246
( 7 , 1 )326
( 7 , 2 )277
( 7 , 3 )214
( 7 , 4 )210
( 7 , 5 )126
( 7 , 6 )6
( 7 , 7 )0
( 7 , 8 )26
( 7 , 9 )43
( 7 , 10 )30
( 7 , 11 )41
( 7 , 12 )60
( 7 , 13 )72
( 7 , 14 )51
( 7 , 15 )205
( 7 , 16 )208
( 7 , 17 )132
( 7 , 18 )150
( 7 , 19 )144
( 7 , 20 )115
( 7 , 21 )182
( 7 , 22 )183
( 7 , 23 )115
( 7 , 24 )121
( 7 , 25 )119
( 7 , 26 )58
( 7 , 27 )132
( 7 , 28 )200
( 7 , 29 )192
( 7 , 30 )282
( 7 , 31 )195
( 7 , 32 )199
( 7 , 33 )206
( 7 , 34 )129
( 7 , 35 )182
( 7 , 36 )183
( 7 , 37 )115
( 7 , 38 )121
( 7 , 39 )119
( 7 , 40 )58
( 7 , 41 )132
( 7 , 42 )200
( 7 , 43 )192
( 7 , 44 )282
( 7 , 45 )195
( 7 , 46 )199
( 7 , 47 )206
( 8 , 0 )254
( 8 , 1 )326
( 8 , 2 )285
( 8 , 3 )226
( 8 , 4 )226
( 8 , 5 )146
( 8 , 6 )32
( 8 , 7 )26
( 8 , 8 )0
( 8 , 9 )33
( 8 , 10 )40
( 8 , 11 )47
( 8 , 12 )46
( 8 , 13 )56
( 8 , 14 )41
( 8 , 15 )185
( 8 , 16 )192
( 8 , 17 )124
( 8 , 18 )130
( 8 , 19 )132
( 8 , 20 )121
( 8 , 21 )200
( 8 , 22 )193
( 8 , 23 )103
( 8 , 24 )111
( 8 , 25 )111
( 8 , 26 )38
( 8 , 27 )116
( 8 , 28 )184
( 8 , 29 )190
( 8 , 30 )284
( 8 , 31 )189
( 8 , 32 )197
( 8 , 33 )206
( 8 , 34 )131
( 8 , 35 )200
( 8 , 36 )193
( 8 , 37 )103
( 8 , 38 )111
( 8 , 39 )111
( 8 , 40 )38
( 8 , 41 )116
( 8 , 42 )184
( 8 , 43 )190
( 8 , 44 )284
( 8 , 45 )189
( 8 , 46 )197
( 8 , 47 )206
( 9 , 0 )269
( 9 , 1 )339
( 9 , 2 )290
( 9 , 3 )213
( 9 , 4 )213
( 9 , 5 )133
( 9 , 6 )47
( 9 , 7 )43
( 9 , 8 )33
( 9 , 9 )0
( 9 , 10 )23
( 9 , 11 )30
( 9 , 12 )61
( 9 , 13 )69
( 9 , 14 )54
( 9 , 15 )184
( 9 , 16 )181
( 9 , 17 )131
( 9 , 18 )153
( 9 , 19 )127
( 9 , 20 )118
( 9 , 21 )205
( 9 , 22 )198
( 9 , 23 )118
( 9 , 24 )124
( 9 , 25 )122
( 9 , 26 )49
( 9 , 27 )129
( 9 , 28 )193
( 9 , 29 )193
( 9 , 30 )287
( 9 , 31 )194
( 9 , 32 )210
( 9 , 33 )217
( 9 , 34 )146
( 9 , 35 )205
( 9 , 36 )198
( 9 , 37 )118
( 9 , 38 )124
( 9 , 39 )122
( 9 , 40 )49
( 9 , 41 )129
( 9 , 42 )193
( 9 , 43 )193
( 9 , 44 )287
( 9 , 45 )194
( 9 , 46 )210
( 9 , 47 )217
( 10 , 0 )264
( 10 , 1 )322
( 10 , 2 )283
( 10 , 3 )212
( 10 , 4 )208
( 10 , 5 )120
( 10 , 6 )30
( 10 , 7 )30
( 10 , 8 )40
( 10 , 9 )23
( 10 , 10 )0
( 10 , 11 )29
( 10 , 12 )54
( 10 , 13 )66
( 10 , 14 )45
( 10 , 15 )185
( 10 , 16 )190
( 10 , 17 )118
( 10 , 18 )148
( 10 , 19 )122
( 10 , 20 )103
( 10 , 21 )196
( 10 , 22 )177
( 10 , 23 )121
( 10 , 24 )125
( 10 , 25 )121
( 10 , 26 )58
( 10 , 27 )134
( 10 , 28 )208
( 10 , 29 )202
( 10 , 30 )280
( 10 , 31 )195
( 10 , 32 )195
( 10 , 33 )200
( 10 , 34 )127
( 10 , 35 )196
( 10 , 36 )177
( 10 , 37 )121
( 10 , 38 )125
( 10 , 39 )121
( 10 , 40 )58
( 10 , 41 )134
( 10 , 42 )208
( 10 , 43 )202
( 10 , 44 )280
( 10 , 45 )195
( 10 , 46 )195
( 10 , 47 )200
( 11 , 0 )269
( 11 , 1 )333
( 11 , 2 )282
( 11 , 3 )199
( 11 , 4 )201
( 11 , 5 )123
( 11 , 6 )43
( 11 , 7 )41
( 11 , 8 )47
( 11 , 9 )30
( 11 , 10 )29
( 11 , 11 )0
( 11 , 12 )45
( 11 , 13 )75
( 11 , 14 )64
( 11 , 15 )194
( 11 , 16 )193
( 11 , 17 )129
( 11 , 18 )157
( 11 , 19 )129
( 11 , 20 )116
( 11 , 21 )203
( 11 , 22 )200
( 11 , 23 )128
( 11 , 24 )134
( 11 , 25 )136
( 11 , 26 )61
( 11 , 27 )137
( 11 , 28 )205
( 11 , 29 )199
( 11 , 30 )283
( 11 , 31 )206
( 11 , 32 )212
( 11 , 33 )223
( 11 , 34 )148
( 11 , 35 )203
( 11 , 36 )200
( 11 , 37 )128
( 11 , 38 )134
( 11 , 39 )136
( 11 , 40 )61
( 11 , 41 )137
( 11 , 42 )205
( 11 , 43 )199
( 11 , 44 )283
( 11 , 45 )206
( 11 , 46 )212
( 11 , 47 )223
( 12 , 0 )264
( 12 , 1 )308
( 12 , 2 )273
( 12 , 3 )226
( 12 , 4 )226
( 12 , 5 )146
( 12 , 6 )56
( 12 , 7 )60
( 12 , 8 )46
( 12 , 9 )61
( 12 , 10 )54
( 12 , 11 )45
( 12 , 12 )0
( 12 , 13 )34
( 12 , 14 )37
( 12 , 15 )187
( 12 , 16 )186
( 12 , 17 )128
( 12 , 18 )128
( 12 , 19 )122
( 12 , 20 )127
( 12 , 21 )214
( 12 , 22 )193
( 12 , 23 )117
( 12 , 24 )125
( 12 , 25 )121
( 12 , 26 )56
( 12 , 27 )134
( 12 , 28 )210
( 12 , 29 )212
( 12 , 30 )296
( 12 , 31 )213
( 12 , 32 )197
( 12 , 33 )192
( 12 , 34 )125
( 12 , 35 )214
( 12 , 36 )193
( 12 , 37 )117
( 12 , 38 )125
( 12 , 39 )121
( 12 , 40 )56
( 12 , 41 )134
( 12 , 42 )210
( 12 , 43 )212
( 12 , 44 )296
( 12 , 45 )213
( 12 , 46 )197
( 12 , 47 )192
( 13 , 0 )282
( 13 , 1 )312
( 13 , 2 )289
( 13 , 3 )242
( 13 , 4 )242
( 13 , 5 )166
( 13 , 6 )72
( 13 , 7 )72
( 13 , 8 )56
( 13 , 9 )69
( 13 , 10 )66
( 13 , 11 )75
( 13 , 12 )34
( 13 , 13 )0
( 13 , 14 )21
( 13 , 15 )173
( 13 , 16 )186
( 13 , 17 )130
( 13 , 18 )100
( 13 , 19 )114
( 13 , 20 )135
( 13 , 21 )222
( 13 , 22 )201
( 13 , 23 )115
( 13 , 24 )121
( 13 , 25 )117
( 13 , 26 )52
( 13 , 27 )130
( 13 , 28 )206
( 13 , 29 )216
( 13 , 30 )292
( 13 , 31 )217
( 13 , 32 )199
( 13 , 33 )196
( 13 , 34 )129
( 13 , 35 )222
( 13 , 36 )201
( 13 , 37 )115
( 13 , 38 )121
( 13 , 39 )117
( 13 , 40 )52
( 13 , 41 )130
( 13 , 42 )206
( 13 , 43 )216
( 13 , 44 )292
( 13 , 45 )217
( 13 , 46 )199
( 13 , 47 )196
( 14 , 0 )261
( 14 , 1 )301
( 14 , 2 )282
( 14 , 3 )229
( 14 , 4 )223
( 14 , 5 )145
( 14 , 6 )51
( 14 , 7 )51
( 14 , 8 )41
( 14 , 9 )54
( 14 , 10 )45
( 14 , 11 )64
( 14 , 12 )37
( 14 , 13 )21
( 14 , 14 )0
( 14 , 15 )166
( 14 , 16 )181
( 14 , 17 )115
( 14 , 18 )111
( 14 , 19 )123
( 14 , 20 )114
( 14 , 21 )201
( 14 , 22 )180
( 14 , 23 )96
( 14 , 24 )102
( 14 , 25 )98
( 14 , 26 )43
( 14 , 27 )119
( 14 , 28 )197
( 14 , 29 )205
( 14 , 30 )291
( 14 , 31 )202
( 14 , 32 )182
( 14 , 33 )181
( 14 , 34 )114
( 14 , 35 )201
( 14 , 36 )180
( 14 , 37 )96
( 14 , 38 )102
( 14 , 39 )98
( 14 , 40 )43
( 14 , 41 )119
( 14 , 42 )197
( 14 , 43 )205
( 14 , 44 )291
( 14 , 45 )202
( 14 , 46 )182
( 14 , 47 )181
( 15 , 0 )273
( 15 , 1 )457
( 15 , 2 )422
( 15 , 3 )369
( 15 , 4 )371
( 15 , 5 )293
( 15 , 6 )203
( 15 , 7 )205
( 15 , 8 )185
( 15 , 9 )184
( 15 , 10 )185
( 15 , 11 )194
( 15 , 12 )187
( 15 , 13 )173
( 15 , 14 )166
( 15 , 15 )0
( 15 , 16 )23
( 15 , 17 )105
( 15 , 18 )113
( 15 , 19 )109
( 15 , 20 )114
( 15 , 21 )207
( 15 , 22 )192
( 15 , 23 )106
( 15 , 24 )112
( 15 , 25 )104
( 15 , 26 )175
( 15 , 27 )253
( 15 , 28 )187
( 15 , 29 )199
( 15 , 30 )283
( 15 , 31 )200
( 15 , 32 )188
( 15 , 33 )195
( 15 , 34 )266
( 15 , 35 )207
( 15 , 36 )192
( 15 , 37 )106
( 15 , 38 )112
( 15 , 39 )104
( 15 , 40 )175
( 15 , 41 )253
( 15 , 42 )187
( 15 , 43 )199
( 15 , 44 )283
( 15 , 45 )200
( 15 , 46 )188
( 15 , 47 )195
( 16 , 0 )268
( 16 , 1 )472
( 16 , 2 )429
( 16 , 3 )364
( 16 , 4 )364
( 16 , 5 )284
( 16 , 6 )208
( 16 , 7 )208
( 16 , 8 )192
( 16 , 9 )181
( 16 , 10 )190
( 16 , 11 )193
( 16 , 12 )186
( 16 , 13 )186
( 16 , 14 )181
( 16 , 15 )23
( 16 , 16 )0
( 16 , 17 )112
( 16 , 18 )128
( 16 , 19 )106
( 16 , 20 )109
( 16 , 21 )208
( 16 , 22 )195
( 16 , 23 )109
( 16 , 24 )109
( 16 , 25 )105
( 16 , 26 )182
( 16 , 27 )264
( 16 , 28 )196
( 16 , 29 )204
( 16 , 30 )288
( 16 , 31 )205
( 16 , 32 )201
( 16 , 33 )200
( 16 , 34 )281
( 16 , 35 )208
( 16 , 36 )195
( 16 , 37 )109
( 16 , 38 )109
( 16 , 39 )105
( 16 , 40 )182
( 16 , 41 )264
( 16 , 42 )196
( 16 , 43 )204
( 16 , 44 )288
( 16 , 45 )205
( 16 , 46 )201
( 16 , 47 )200
( 17 , 0 )202
( 17 , 1 )378
( 17 , 2 )335
( 17 , 3 )278
( 17 , 4 )278
( 17 , 5 )206
( 17 , 6 )132
( 17 , 7 )132
( 17 , 8 )124
( 17 , 9 )131
( 17 , 10 )118
( 17 , 11 )129
( 17 , 12 )128
( 17 , 13 )130
( 17 , 14 )115
( 17 , 15 )105
( 17 , 16 )112
( 17 , 17 )0
( 17 , 18 )40
( 17 , 19 )38
( 17 , 20 )35
( 17 , 21 )126
( 17 , 22 )121
( 17 , 23 )45
( 17 , 24 )47
( 17 , 25 )49
( 17 , 26 )124
( 17 , 27 )200
( 17 , 28 )138
( 17 , 29 )142
( 17 , 30 )216
( 17 , 31 )133
( 17 , 32 )123
( 17 , 33 )126
( 17 , 34 )195
( 17 , 35 )126
( 17 , 36 )121
( 17 , 37 )45
( 17 , 38 )47
( 17 , 39 )49
( 17 , 40 )124
( 17 , 41 )200
( 17 , 42 )138
( 17 , 43 )142
( 17 , 44 )216
( 17 , 45 )133
( 17 , 46 )123
( 17 , 47 )126
( 18 , 0 )220
( 18 , 1 )382
( 18 , 2 )353
( 18 , 3 )308
( 18 , 4 )310
( 18 , 5 )236
( 18 , 6 )150
( 18 , 7 )150
( 18 , 8 )130
( 18 , 9 )153
( 18 , 10 )148
( 18 , 11 )157
( 18 , 12 )128
( 18 , 13 )100
( 18 , 14 )111
( 18 , 15 )113
( 18 , 16 )128
( 18 , 17 )40
( 18 , 18 )0
( 18 , 19 )32
( 18 , 20 )63
( 18 , 21 )144
( 18 , 22 )135
( 18 , 23 )47
( 18 , 24 )49
( 18 , 25 )51
( 18 , 26 )118
( 18 , 27 )196
( 18 , 28 )134
( 18 , 29 )146
( 18 , 30 )216
( 18 , 31 )139
( 18 , 32 )133
( 18 , 33 )134
( 18 , 34 )201
( 18 , 35 )144
( 18 , 36 )135
( 18 , 37 )47
( 18 , 38 )49
( 18 , 39 )51
( 18 , 40 )118
( 18 , 41 )196
( 18 , 42 )134
( 18 , 43 )146
( 18 , 44 )216
( 18 , 45 )139
( 18 , 46 )133
( 18 , 47 )134
( 19 , 0 )204
( 19 , 1 )384
( 19 , 2 )343
( 19 , 3 )282
( 19 , 4 )284
( 19 , 5 )216
( 19 , 6 )144
( 19 , 7 )144
( 19 , 8 )132
( 19 , 9 )127
( 19 , 10 )122
( 19 , 11 )129
( 19 , 12 )122
( 19 , 13 )114
( 19 , 14 )123
( 19 , 15 )109
( 19 , 16 )106
( 19 , 17 )38
( 19 , 18 )32
( 19 , 19 )0
( 19 , 20 )31
( 19 , 21 )136
( 19 , 22 )121
( 19 , 23 )49
( 19 , 24 )55
( 19 , 25 )53
( 19 , 26 )126
( 19 , 27 )204
( 19 , 28 )138
( 19 , 29 )146
( 19 , 30 )222
( 19 , 31 )145
( 19 , 32 )131
( 19 , 33 )134
( 19 , 34 )197
( 19 , 35 )136
( 19 , 36 )121
( 19 , 37 )49
( 19 , 38 )55
( 19 , 39 )53
( 19 , 40 )126
( 19 , 41 )204
( 19 , 42 )138
( 19 , 43 )146
( 19 , 44 )222
( 19 , 45 )145
( 19 , 46 )131
( 19 , 47 )134
( 20 , 0 )175
( 20 , 1 )377
( 20 , 2 )340
( 20 , 3 )271
( 20 , 4 )267
( 20 , 5 )201
( 20 , 6 )119
( 20 , 7 )115
( 20 , 8 )121
( 20 , 9 )118
( 20 , 10 )103
( 20 , 11 )116
( 20 , 12 )127
( 20 , 13 )135
( 20 , 14 )114
( 20 , 15 )114
( 20 , 16 )109
( 20 , 17 )35
( 20 , 18 )63
( 20 , 19 )31
( 20 , 20 )0
( 20 , 21 )107
( 20 , 22 )104
( 20 , 23 )36
( 20 , 24 )40
( 20 , 25 )40
( 20 , 26 )125
( 20 , 27 )199
( 20 , 28 )135
( 20 , 29 )139
( 20 , 30 )223
( 20 , 31 )140
( 20 , 32 )120
( 20 , 33 )121
( 20 , 34 )182
( 20 , 35 )107
( 20 , 36 )104
( 20 , 37 )36
( 20 , 38 )40
( 20 , 39 )40
( 20 , 40 )125
( 20 , 41 )199
( 20 , 42 )135
( 20 , 43 )139
( 20 , 44 )223
( 20 , 45 )140
( 20 , 46 )120
( 20 , 47 )121
( 21 , 0 )100
( 21 , 1 )318
( 21 , 2 )257
( 21 , 3 )202
( 21 , 4 )198
( 21 , 5 )280
( 21 , 6 )184
( 21 , 7 )182
( 21 , 8 )200
( 21 , 9 )205
( 21 , 10 )196
( 21 , 11 )203
( 21 , 12 )214
( 21 , 13 )222
( 21 , 14 )201
( 21 , 15 )207
( 21 , 16 )208
( 21 , 17 )126
( 21 , 18 )144
( 21 , 19 )136
( 21 , 20 )107
( 21 , 21 )0
( 21 , 22 )21
( 21 , 23 )117
( 21 , 24 )123
( 21 , 25 )117
( 21 , 26 )202
( 21 , 27 )274
( 21 , 28 )208
( 21 , 29 )196
( 21 , 30 )286
( 21 , 31 )199
( 21 , 32 )203
( 21 , 33 )206
( 21 , 34 )269
( 21 , 35 )0
( 21 , 36 )21
( 21 , 37 )117
( 21 , 38 )123
( 21 , 39 )117
( 21 , 40 )202
( 21 , 41 )274
( 21 , 42 )208
( 21 , 43 )196
( 21 , 44 )286
( 21 , 45 )199
( 21 , 46 )203
( 21 , 47 )206
( 22 , 0 )99
( 22 , 1 )305
( 22 , 2 )266
( 22 , 3 )207
( 22 , 4 )203
( 22 , 5 )283
( 22 , 6 )183
( 22 , 7 )183
( 22 , 8 )193
( 22 , 9 )198
( 22 , 10 )177
( 22 , 11 )200
( 22 , 12 )193
( 22 , 13 )201
( 22 , 14 )180
( 22 , 15 )192
( 22 , 16 )195
( 22 , 17 )121
( 22 , 18 )135
( 22 , 19 )121
( 22 , 20 )104
( 22 , 21 )21
( 22 , 22 )0
( 22 , 23 )104
( 22 , 24 )110
( 22 , 25 )106
( 22 , 26 )201
( 22 , 27 )277
( 22 , 28 )213
( 22 , 29 )199
( 22 , 30 )281
( 22 , 31 )194
( 22 , 32 )188
( 22 , 33 )193
( 22 , 34 )258
( 22 , 35 )21
( 22 , 36 )0
( 22 , 37 )104
( 22 , 38 )110
( 22 , 39 )106
( 22 , 40 )201
( 22 , 41 )277
( 22 , 42 )213
( 22 , 43 )199
( 22 , 44 )281
( 22 , 45 )194
( 22 , 46 )188
( 22 , 47 )193
( 23 , 0 )177
( 23 , 1 )381
( 23 , 2 )354
( 23 , 3 )287
( 23 , 4 )283
( 23 , 5 )215
( 23 , 6 )121
( 23 , 7 )115
( 23 , 8 )103
( 23 , 9 )118
( 23 , 10 )121
( 23 , 11 )128
( 23 , 12 )117
( 23 , 13 )115
( 23 , 14 )96
( 23 , 15 )106
( 23 , 16 )109
( 23 , 17 )45
( 23 , 18 )47
( 23 , 19 )49
( 23 , 20 )36
( 23 , 21 )117
( 23 , 22 )104
( 23 , 23 )0
( 23 , 24 )10
( 23 , 25 )14
( 23 , 26 )107
( 23 , 27 )187
( 23 , 28 )113
( 23 , 29 )119
( 23 , 30 )213
( 23 , 31 )120
( 23 , 32 )108
( 23 , 33 )111
( 23 , 34 )186
( 23 , 35 )117
( 23 , 36 )104
( 23 , 37 )0
( 23 , 38 )10
( 23 , 39 )14
( 23 , 40 )107
( 23 , 41 )187
( 23 , 42 )113
( 23 , 43 )119
( 23 , 44 )213
( 23 , 45 )120
( 23 , 46 )108
( 23 , 47 )111
( 24 , 0 )181
( 24 , 1 )391
( 24 , 2 )362
( 24 , 3 )295
( 24 , 4 )291
( 24 , 5 )221
( 24 , 6 )127
( 24 , 7 )121
( 24 , 8 )111
( 24 , 9 )124
( 24 , 10 )125
( 24 , 11 )134
( 24 , 12 )125
( 24 , 13 )121
( 24 , 14 )102
( 24 , 15 )112
( 24 , 16 )109
( 24 , 17 )47
( 24 , 18 )49
( 24 , 19 )55
( 24 , 20 )40
( 24 , 21 )123
( 24 , 22 )110
( 24 , 23 )10
( 24 , 24 )0
( 24 , 25 )12
( 24 , 26 )111
( 24 , 27 )193
( 24 , 28 )119
( 24 , 29 )125
( 24 , 30 )213
( 24 , 31 )124
( 24 , 32 )116
( 24 , 33 )117
( 24 , 34 )194
( 24 , 35 )123
( 24 , 36 )110
( 24 , 37 )10
( 24 , 38 )0
( 24 , 39 )12
( 24 , 40 )111
( 24 , 41 )193
( 24 , 42 )119
( 24 , 43 )125
( 24 , 44 )213
( 24 , 45 )124
( 24 , 46 )116
( 24 , 47 )117
( 25 , 0 )183
( 25 , 1 )387
( 25 , 2 )354
( 25 , 3 )301
( 25 , 4 )297
( 25 , 5 )217
( 25 , 6 )119
( 25 , 7 )119
( 25 , 8 )111
( 25 , 9 )122
( 25 , 10 )121
( 25 , 11 )136
( 25 , 12 )121
( 25 , 13 )117
( 25 , 14 )98
( 25 , 15 )104
( 25 , 16 )105
( 25 , 17 )49
( 25 , 18 )51
( 25 , 19 )53
( 25 , 20 )40
( 25 , 21 )117
( 25 , 22 )106
( 25 , 23 )14
( 25 , 24 )12
( 25 , 25 )0
( 25 , 26 )101
( 25 , 27 )183
( 25 , 28 )115
( 25 , 29 )121
( 25 , 30 )211
( 25 , 31 )118
( 25 , 32 )110
( 25 , 33 )113
( 25 , 34 )188
( 25 , 35 )117
( 25 , 36 )106
( 25 , 37 )14
( 25 , 38 )12
( 25 , 39 )0
( 25 , 40 )101
( 25 , 41 )183
( 25 , 42 )115
( 25 , 43 )121
( 25 , 44 )211
( 25 , 45 )118
( 25 , 46 )110
( 25 , 47 )113
( 26 , 0 )272
( 26 , 1 )330
( 26 , 2 )281
( 26 , 3 )238
( 26 , 4 )240
( 26 , 5 )154
( 26 , 6 )58
( 26 , 7 )58
( 26 , 8 )38
( 26 , 9 )49
( 26 , 10 )58
( 26 , 11 )61
( 26 , 12 )56
( 26 , 13 )52
( 26 , 14 )43
( 26 , 15 )175
( 26 , 16 )182
( 26 , 17 )124
( 26 , 18 )118
( 26 , 19 )126
( 26 , 20 )125
( 26 , 21 )202
( 26 , 22 )201
( 26 , 23 )107
( 26 , 24 )111
( 26 , 25 )101
( 26 , 26 )0
( 26 , 27 )90
( 26 , 28 )168
( 26 , 29 )186
( 26 , 30 )282
( 26 , 31 )191
( 26 , 32 )195
( 26 , 33 )202
( 26 , 34 )129
( 26 , 35 )202
( 26 , 36 )201
( 26 , 37 )107
( 26 , 38 )111
( 26 , 39 )101
( 26 , 40 )0
( 26 , 41 )90
( 26 , 42 )168
( 26 , 43 )186
( 26 , 44 )282
( 26 , 45 )191
( 26 , 46 )195
( 26 , 47 )202
( 27 , 0 )346
( 27 , 1 )404
( 27 , 2 )355
( 27 , 3 )312
( 27 , 4 )314
( 27 , 5 )228
( 27 , 6 )132
( 27 , 7 )132
( 27 , 8 )116
( 27 , 9 )129
( 27 , 10 )134
( 27 , 11 )137
( 27 , 12 )134
( 27 , 13 )130
( 27 , 14 )119
( 27 , 15 )253
( 27 , 16 )264
( 27 , 17 )200
( 27 , 18 )196
( 27 , 19 )204
( 27 , 20 )199
( 27 , 21 )274
( 27 , 22 )277
( 27 , 23 )187
( 27 , 24 )193
( 27 , 25 )183
( 27 , 26 )90
( 27 , 27 )0
( 27 , 28 )82
( 27 , 29 )96
( 27 , 30 )194
( 27 , 31 )105
( 27 , 32 )105
( 27 , 33 )112
( 27 , 34 )39
( 27 , 35 )274
( 27 , 36 )277
( 27 , 37 )187
( 27 , 38 )193
( 27 , 39 )183
( 27 , 40 )90
( 27 , 41 )0
( 27 , 42 )82
( 27 , 43 )96
( 27 , 44 )194
( 27 , 45 )105
( 27 , 46 )105
( 27 , 47 )112
( 28 , 0 )272
( 28 , 1 )478
( 28 , 2 )429
( 28 , 3 )380
( 28 , 4 )382
( 28 , 5 )302
( 28 , 6 )204
( 28 , 7 )200
( 28 , 8 )184
( 28 , 9 )193
( 28 , 10 )208
( 28 , 11 )205
( 28 , 12 )210
( 28 , 13 )206
( 28 , 14 )197
( 28 , 15 )187
( 28 , 16 )196
( 28 , 17 )138
( 28 , 18 )134
( 28 , 19 )138
( 28 , 20 )135
( 28 , 21 )208
( 28 , 22 )213
( 28 , 23 )113
( 28 , 24 )119
( 28 , 25 )115
( 28 , 26 )168
( 28 , 27 )82
( 28 , 28 )0
( 28 , 29 )18
( 28 , 30 )126
( 28 , 31 )33
( 28 , 32 )37
( 28 , 33 )46
( 28 , 34 )113
( 28 , 35 )208
( 28 , 36 )213
( 28 , 37 )113
( 28 , 38 )119
( 28 , 39 )115
( 28 , 40 )168
( 28 , 41 )82
( 28 , 42 )0
( 28 , 43 )18
( 28 , 44 )126
( 28 , 45 )33
( 28 , 46 )37
( 28 , 47 )46
( 29 , 0 )270
( 29 , 1 )488
( 29 , 2 )429
( 29 , 3 )374
( 29 , 4 )376
( 29 , 5 )296
( 29 , 6 )196
( 29 , 7 )192
( 29 , 8 )190
( 29 , 9 )193
( 29 , 10 )202
( 29 , 11 )199
( 29 , 12 )212
( 29 , 13 )216
( 29 , 14 )205
( 29 , 15 )199
( 29 , 16 )204
( 29 , 17 )142
( 29 , 18 )146
( 29 , 19 )146
( 29 , 20 )139
( 29 , 21 )196
( 29 , 22 )199
( 29 , 23 )119
( 29 , 24 )125
( 29 , 25 )121
( 29 , 26 )186
( 29 , 27 )96
( 29 , 28 )18
( 29 , 29 )0
( 29 , 30 )108
( 29 , 31 )21
( 29 , 32 )39
( 29 , 33 )48
( 29 , 34 )123
( 29 , 35 )196
( 29 , 36 )199
( 29 , 37 )119
( 29 , 38 )125
( 29 , 39 )121
( 29 , 40 )186
( 29 , 41 )96
( 29 , 42 )18
( 29 , 43 )0
( 29 , 44 )108
( 29 , 45 )21
( 29 , 46 )39
( 29 , 47 )48
( 30 , 0 )372
( 30 , 1 )576
( 30 , 2 )523
( 30 , 3 )460
( 30 , 4 )462
( 30 , 5 )376
( 30 , 6 )280
( 30 , 7 )282
( 30 , 8 )284
( 30 , 9 )287
( 30 , 10 )280
( 30 , 11 )283
( 30 , 12 )296
( 30 , 13 )292
( 30 , 14 )291
( 30 , 15 )283
( 30 , 16 )288
( 30 , 17 )216
( 30 , 18 )216
( 30 , 19 )222
( 30 , 20 )223
( 30 , 21 )286
( 30 , 22 )281
( 30 , 23 )213
( 30 , 24 )213
( 30 , 25 )211
( 30 , 26 )282
( 30 , 27 )194
( 30 , 28 )126
( 30 , 29 )108
( 30 , 30 )0
( 30 , 31 )101
( 30 , 32 )127
( 30 , 33 )138
( 30 , 34 )213
( 30 , 35 )286
( 30 , 36 )281
( 30 , 37 )213
( 30 , 38 )213
( 30 , 39 )211
( 30 , 40 )282
( 30 , 41 )194
( 30 , 42 )126
( 30 , 43 )108
( 30 , 44 )0
( 30 , 45 )101
( 30 , 46 )127
( 30 , 47 )138
( 31 , 0 )283
( 31 , 1 )487
( 31 , 2 )438
( 31 , 3 )375
( 31 , 4 )375
( 31 , 5 )289
( 31 , 6 )193
( 31 , 7 )195
( 31 , 8 )189
( 31 , 9 )194
( 31 , 10 )195
( 31 , 11 )206
( 31 , 12 )213
( 31 , 13 )217
( 31 , 14 )202
( 31 , 15 )200
( 31 , 16 )205
( 31 , 17 )133
( 31 , 18 )139
( 31 , 19 )145
( 31 , 20 )140
( 31 , 21 )199
( 31 , 22 )194
( 31 , 23 )120
( 31 , 24 )124
( 31 , 25 )118
( 31 , 26 )191
( 31 , 27 )105
( 31 , 28 )33
( 31 , 29 )21
( 31 , 30 )101
( 31 , 31 )0
( 31 , 32 )38
( 31 , 33 )45
( 31 , 34 )122
( 31 , 35 )199
( 31 , 36 )194
( 31 , 37 )120
( 31 , 38 )124
( 31 , 39 )118
( 31 , 40 )191
( 31 , 41 )105
( 31 , 42 )33
( 31 , 43 )21
( 31 , 44 )101
( 31 , 45 )0
( 31 , 46 )38
( 31 , 47 )45
( 32 , 0 )267
( 32 , 1 )451
( 32 , 2 )418
( 32 , 3 )371
( 32 , 4 )369
( 32 , 5 )289
( 32 , 6 )199
( 32 , 7 )199
( 32 , 8 )197
( 32 , 9 )210
( 32 , 10 )195
( 32 , 11 )212
( 32 , 12 )197
( 32 , 13 )199
( 32 , 14 )182
( 32 , 15 )188
( 32 , 16 )201
( 32 , 17 )123
( 32 , 18 )133
( 32 , 19 )131
( 32 , 20 )120
( 32 , 21 )203
( 32 , 22 )188
( 32 , 23 )108
( 32 , 24 )116
( 32 , 25 )110
( 32 , 26 )195
( 32 , 27 )105
( 32 , 28 )37
( 32 , 29 )39
( 32 , 30 )127
( 32 , 31 )38
( 32 , 32 )0
( 32 , 33 )17
( 32 , 34 )90
( 32 , 35 )203
( 32 , 36 )188
( 32 , 37 )108
( 32 , 38 )116
( 32 , 39 )110
( 32 , 40 )195
( 32 , 41 )105
( 32 , 42 )37
( 32 , 43 )39
( 32 , 44 )127
( 32 , 45 )38
( 32 , 46 )0
( 32 , 47 )17
( 33 , 0 )274
( 33 , 1 )454
( 33 , 2 )429
( 33 , 3 )378
( 33 , 4 )372
( 33 , 5 )288
( 33 , 6 )206
( 33 , 7 )206
( 33 , 8 )206
( 33 , 9 )217
( 33 , 10 )200
( 33 , 11 )223
( 33 , 12 )192
( 33 , 13 )196
( 33 , 14 )181
( 33 , 15 )195
( 33 , 16 )200
( 33 , 17 )126
( 33 , 18 )134
( 33 , 19 )134
( 33 , 20 )121
( 33 , 21 )206
( 33 , 22 )193
( 33 , 23 )111
( 33 , 24 )117
( 33 , 25 )113
( 33 , 26 )202
( 33 , 27 )112
( 33 , 28 )46
( 33 , 29 )48
( 33 , 30 )138
( 33 , 31 )45
( 33 , 32 )17
( 33 , 33 )0
( 33 , 34 )87
( 33 , 35 )206
( 33 , 36 )193
( 33 , 37 )111
( 33 , 38 )117
( 33 , 39 )113
( 33 , 40 )202
( 33 , 41 )112
( 33 , 42 )46
( 33 , 43 )48
( 33 , 44 )138
( 33 , 45 )45
( 33 , 46 )17
( 33 , 47 )0
( 34 , 0 )337
( 34 , 1 )369
( 34 , 2 )344
( 34 , 3 )297
( 34 , 4 )293
( 34 , 5 )219
( 34 , 6 )129
( 34 , 7 )129
( 34 , 8 )131
( 34 , 9 )146
( 34 , 10 )127
( 34 , 11 )148
( 34 , 12 )125
( 34 , 13 )129
( 34 , 14 )114
( 34 , 15 )266
( 34 , 16 )281
( 34 , 17 )195
( 34 , 18 )201
( 34 , 19 )197
( 34 , 20 )182
( 34 , 21 )269
( 34 , 22 )258
( 34 , 23 )186
( 34 , 24 )194
( 34 , 25 )188
( 34 , 26 )129
( 34 , 27 )39
( 34 , 28 )113
( 34 , 29 )123
( 34 , 30 )213
( 34 , 31 )122
( 34 , 32 )90
( 34 , 33 )87
( 34 , 34 )0
( 34 , 35 )269
( 34 , 36 )258
( 34 , 37 )186
( 34 , 38 )194
( 34 , 39 )188
( 34 , 40 )129
( 34 , 41 )39
( 34 , 42 )113
( 34 , 43 )123
( 34 , 44 )213
( 34 , 45 )122
( 34 , 46 )90
( 34 , 47 )87
( 35 , 0 )100
( 35 , 1 )318
( 35 , 2 )257
( 35 , 3 )202
( 35 , 4 )198
( 35 , 5 )280
( 35 , 6 )184
( 35 , 7 )182
( 35 , 8 )200
( 35 , 9 )205
( 35 , 10 )196
( 35 , 11 )203
( 35 , 12 )214
( 35 , 13 )222
( 35 , 14 )201
( 35 , 15 )207
( 35 , 16 )208
( 35 , 17 )126
( 35 , 18 )144
( 35 , 19 )136
( 35 , 20 )107
( 35 , 21 )0
( 35 , 22 )21
( 35 , 23 )117
( 35 , 24 )123
( 35 , 25 )117
( 35 , 26 )202
( 35 , 27 )274
( 35 , 28 )208
( 35 , 29 )196
( 35 , 30 )286
( 35 , 31 )199
( 35 , 32 )203
( 35 , 33 )206
( 35 , 34 )269
( 35 , 35 )0
( 35 , 36 )21
( 35 , 37 )117
( 35 , 38 )123
( 35 , 39 )117
( 35 , 40 )202
( 35 , 41 )274
( 35 , 42 )208
( 35 , 43 )196
( 35 , 44 )286
( 35 , 45 )199
( 35 , 46 )203
( 35 , 47 )206
( 36 , 0 )99
( 36 , 1 )305
( 36 , 2 )266
( 36 , 3 )207
( 36 , 4 )203
( 36 , 5 )283
( 36 , 6 )183
( 36 , 7 )183
( 36 , 8 )193
( 36 , 9 )198
( 36 , 10 )177
( 36 , 11 )200
( 36 , 12 )193
( 36 , 13 )201
( 36 , 14 )180
( 36 , 15 )192
( 36 , 16 )195
( 36 , 17 )121
( 36 , 18 )135
( 36 , 19 )121
( 36 , 20 )104
( 36 , 21 )21
( 36 , 22 )0
( 36 , 23 )104
( 36 , 24 )110
( 36 , 25 )106
( 36 , 26 )201
( 36 , 27 )277
( 36 , 28 )213
( 36 , 29 )199
( 36 , 30 )281
( 36 , 31 )194
( 36 , 32 )188
( 36 , 33 )193
( 36 , 34 )258
( 36 , 35 )21
( 36 , 36 )0
( 36 , 37 )104
( 36 , 38 )110
( 36 , 39 )106
( 36 , 40 )201
( 36 , 41 )277
( 36 , 42 )213
( 36 , 43 )199
( 36 , 44 )281
( 36 , 45 )194
( 36 , 46 )188
( 36 , 47 )193
( 37 , 0 )177
( 37 , 1 )381
( 37 , 2 )354
( 37 , 3 )287
( 37 , 4 )283
( 37 , 5 )215
( 37 , 6 )121
( 37 , 7 )115
( 37 , 8 )103
( 37 , 9 )118
( 37 , 10 )121
( 37 , 11 )128
( 37 , 12 )117
( 37 , 13 )115
( 37 , 14 )96
( 37 , 15 )106
( 37 , 16 )109
( 37 , 17 )45
( 37 , 18 )47
( 37 , 19 )49
( 37 , 20 )36
( 37 , 21 )117
( 37 , 22 )104
( 37 , 23 )0
( 37 , 24 )10
( 37 , 25 )14
( 37 , 26 )107
( 37 , 27 )187
( 37 , 28 )113
( 37 , 29 )119
( 37 , 30 )213
( 37 , 31 )120
( 37 , 32 )108
( 37 , 33 )111
( 37 , 34 )186
( 37 , 35 )117
( 37 , 36 )104
( 37 , 37 )0
( 37 , 38 )10
( 37 , 39 )14
( 37 , 40 )107
( 37 , 41 )187
( 37 , 42 )113
( 37 , 43 )119
( 37 , 44 )213
( 37 , 45 )120
( 37 , 46 )108
( 37 , 47 )111
( 38 , 0 )181
( 38 , 1 )391
( 38 , 2 )362
( 38 , 3 )295
( 38 , 4 )291
( 38 , 5 )221
( 38 , 6 )127
( 38 , 7 )121
( 38 , 8 )111
( 38 , 9 )124
( 38 , 10 )125
( 38 , 11 )134
( 38 , 12 )125
( 38 , 13 )121
( 38 , 14 )102
( 38 , 15 )112
( 38 , 16 )109
( 38 , 17 )47
( 38 , 18 )49
( 38 , 19 )55
( 38 , 20 )40
( 38 , 21 )123
( 38 , 22 )110
( 38 , 23 )10
( 38 , 24 )0
( 38 , 25 )12
( 38 , 26 )111
( 38 , 27 )193
( 38 , 28 )119
( 38 , 29 )125
( 38 , 30 )213
( 38 , 31 )124
( 38 , 32 )116
( 38 , 33 )117
( 38 , 34 )194
( 38 , 35 )123
( 38 , 36 )110
( 38 , 37 )10
( 38 , 38 )0
( 38 , 39 )12
( 38 , 40 )111
( 38 , 41 )193
( 38 , 42 )119
( 38 , 43 )125
( 38 , 44 )213
( 38 , 45 )124
( 38 , 46 )116
( 38 , 47 )117
( 39 , 0 )183
( 39 , 1 )387
( 39 , 2 )354
( 39 , 3 )301
( 39 , 4 )297
( 39 , 5 )217
( 39 , 6 )119
( 39 , 7 )119
( 39 , 8 )111
( 39 , 9 )122
( 39 , 10 )121
( 39 , 11 )136
( 39 , 12 )121
( 39 , 13 )117
( 39 , 14 )98
( 39 , 15 )104
( 39 , 16 )105
( 39 , 17 )49
( 39 , 18 )51
( 39 , 19 )53
( 39 , 20 )40
( 39 , 21 )117
( 39 , 22 )106
( 39 , 23 )14
( 39 , 24 )12
( 39 , 25 )0
( 39 , 26 )101
( 39 , 27 )183
( 39 , 28 )115
( 39 , 29 )121
( 39 , 30 )211
( 39 , 31 )118
( 39 , 32 )110
( 39 , 33 )113
( 39 , 34 )188
( 39 , 35 )117
( 39 , 36 )106
( 39 , 37 )14
( 39 , 38 )12
( 39 , 39 )0
( 39 , 40 )101
( 39 , 41 )183
( 39 , 42 )115
( 39 , 43 )121
( 39 , 44 )211
( 39 , 45 )118
( 39 , 46 )110
( 39 , 47 )113
( 40 , 0 )272
( 40 , 1 )330
( 40 , 2 )281
( 40 , 3 )238
( 40 , 4 )240
( 40 , 5 )154
( 40 , 6 )58
( 40 , 7 )58
( 40 , 8 )38
( 40 , 9 )49
( 40 , 10 )58
( 40 , 11 )61
( 40 , 12 )56
( 40 , 13 )52
( 40 , 14 )43
( 40 , 15 )175
( 40 , 16 )182
( 40 , 17 )124
( 40 , 18 )118
( 40 , 19 )126
( 40 , 20 )125
( 40 , 21 )202
( 40 , 22 )201
( 40 , 23 )107
( 40 , 24 )111
( 40 , 25 )101
( 40 , 26 )0
( 40 , 27 )90
( 40 , 28 )168
( 40 , 29 )186
( 40 , 30 )282
( 40 , 31 )191
( 40 , 32 )195
( 40 , 33 )202
( 40 , 34 )129
( 40 , 35 )202
( 40 , 36 )201
( 40 , 37 )107
( 40 , 38 )111
( 40 , 39 )101
( 40 , 40 )0
( 40 , 41 )90
( 40 , 42 )168
( 40 , 43 )186
( 40 , 44 )282
( 40 , 45 )191
( 40 , 46 )195
( 40 , 47 )202
( 41 , 0 )346
( 41 , 1 )404
( 41 , 2 )355
( 41 , 3 )312
( 41 , 4 )314
( 41 , 5 )228
( 41 , 6 )132
( 41 , 7 )132
( 41 , 8 )116
( 41 , 9 )129
( 41 , 10 )134
( 41 , 11 )137
( 41 , 12 )134
( 41 , 13 )130
( 41 , 14 )119
( 41 , 15 )253
( 41 , 16 )264
( 41 , 17 )200
( 41 , 18 )196
( 41 , 19 )204
( 41 , 20 )199
( 41 , 21 )274
( 41 , 22 )277
( 41 , 23 )187
( 41 , 24 )193
( 41 , 25 )183
( 41 , 26 )90
( 41 , 27 )0
( 41 , 28 )82
( 41 , 29 )96
( 41 , 30 )194
( 41 , 31 )105
( 41 , 32 )105
( 41 , 33 )112
( 41 , 34 )39
( 41 , 35 )274
( 41 , 36 )277
( 41 , 37 )187
( 41 , 38 )193
( 41 , 39 )183
( 41 , 40 )90
( 41 , 41 )0
( 41 , 42 )82
( 41 , 43 )96
( 41 , 44 )194
( 41 , 45 )105
( 41 , 46 )105
( 41 , 47 )112
( 42 , 0 )272
( 42 , 1 )478
( 42 , 2 )429
( 42 , 3 )380
( 42 , 4 )382
( 42 , 5 )302
( 42 , 6 )204
( 42 , 7 )200
( 42 , 8 )184
( 42 , 9 )193
( 42 , 10 )208
( 42 , 11 )205
( 42 , 12 )210
( 42 , 13 )206
( 42 , 14 )197
( 42 , 15 )187
( 42 , 16 )196
( 42 , 17 )138
( 42 , 18 )134
( 42 , 19 )138
( 42 , 20 )135
( 42 , 21 )208
( 42 , 22 )213
( 42 , 23 )113
( 42 , 24 )119
( 42 , 25 )115
( 42 , 26 )168
( 42 , 27 )82
( 42 , 28 )0
( 42 , 29 )18
( 42 , 30 )126
( 42 , 31 )33
( 42 , 32 )37
( 42 , 33 )46
( 42 , 34 )113
( 42 , 35 )208
( 42 , 36 )213
( 42 , 37 )113
( 42 , 38 )119
( 42 , 39 )115
( 42 , 40 )168
( 42 , 41 )82
( 42 , 42 )0
( 42 , 43 )18
( 42 , 44 )126
( 42 , 45 )33
( 42 , 46 )37
( 42 , 47 )46
( 43 , 0 )270
( 43 , 1 )488
( 43 , 2 )429
( 43 , 3 )374
( 43 , 4 )376
( 43 , 5 )296
( 43 , 6 )196
( 43 , 7 )192
( 43 , 8 )190
( 43 , 9 )193
( 43 , 10 )202
( 43 , 11 )199
( 43 , 12 )212
( 43 , 13 )216
( 43 , 14 )205
( 43 , 15 )199
( 43 , 16 )204
( 43 , 17 )142
( 43 , 18 )146
( 43 , 19 )146
( 43 , 20 )139
( 43 , 21 )196
( 43 , 22 )199
( 43 , 23 )119
( 43 , 24 )125
( 43 , 25 )121
( 43 , 26 )186
( 43 , 27 )96
( 43 , 28 )18
( 43 , 29 )0
( 43 , 30 )108
( 43 , 31 )21
( 43 , 32 )39
( 43 , 33 )48
( 43 , 34 )123
( 43 , 35 )196
( 43 , 36 )199
( 43 , 37 )119
( 43 , 38 )125
( 43 , 39 )121
( 43 , 40 )186
( 43 , 41 )96
( 43 , 42 )18
( 43 , 43 )0
( 43 , 44 )108
( 43 , 45 )21
( 43 , 46 )39
( 43 , 47 )48
( 44 , 0 )372
( 44 , 1 )576
( 44 , 2 )523
( 44 , 3 )460
( 44 , 4 )462
( 44 , 5 )376
( 44 , 6 )280
( 44 , 7 )282
( 44 , 8 )284
( 44 , 9 )287
( 44 , 10 )280
( 44 , 11 )283
( 44 , 12 )296
( 44 , 13 )292
( 44 , 14 )291
( 44 , 15 )283
( 44 , 16 )288
( 44 , 17 )216
( 44 , 18 )216
( 44 , 19 )222
( 44 , 20 )223
( 44 , 21 )286
( 44 , 22 )281
( 44 , 23 )213
( 44 , 24 )213
( 44 , 25 )211
( 44 , 26 )282
( 44 , 27 )194
( 44 , 28 )126
( 44 , 29 )108
( 44 , 30 )0
( 44 , 31 )101
( 44 , 32 )127
( 44 , 33 )138
( 44 , 34 )213
( 44 , 35 )286
( 44 , 36 )281
( 44 , 37 )213
( 44 , 38 )213
( 44 , 39 )211
( 44 , 40 )282
( 44 , 41 )194
( 44 , 42 )126
( 44 , 43 )108
( 44 , 44 )0
( 44 , 45 )101
( 44 , 46 )127
( 44 , 47 )138
( 45 , 0 )283
( 45 , 1 )487
( 45 , 2 )438
( 45 , 3 )375
( 45 , 4 )375
( 45 , 5 )289
( 45 , 6 )193
( 45 , 7 )195
( 45 , 8 )189
( 45 , 9 )194
( 45 , 10 )195
( 45 , 11 )206
( 45 , 12 )213
( 45 , 13 )217
( 45 , 14 )202
( 45 , 15 )200
( 45 , 16 )205
( 45 , 17 )133
( 45 , 18 )139
( 45 , 19 )145
( 45 , 20 )140
( 45 , 21 )199
( 45 , 22 )194
( 45 , 23 )120
( 45 , 24 )124
( 45 , 25 )118
( 45 , 26 )191
( 45 , 27 )105
( 45 , 28 )33
( 45 , 29 )21
( 45 , 30 )101
( 45 , 31 )0
( 45 , 32 )38
( 45 , 33 )45
( 45 , 34 )122
( 45 , 35 )199
( 45 , 36 )194
( 45 , 37 )120
( 45 , 38 )124
( 45 , 39 )118
( 45 , 40 )191
( 45 , 41 )105
( 45 , 42 )33
( 45 , 43 )21
( 45 , 44 )101
( 45 , 45 )0
( 45 , 46 )38
( 45 , 47 )45
( 46 , 0 )267
( 46 , 1 )451
( 46 , 2 )418
( 46 , 3 )371
( 46 , 4 )369
( 46 , 5 )289
( 46 , 6 )199
( 46 , 7 )199
( 46 , 8 )197
( 46 , 9 )210
( 46 , 10 )195
( 46 , 11 )212
( 46 , 12 )197
( 46 , 13 )199
( 46 , 14 )182
( 46 , 15 )188
( 46 , 16 )201
( 46 , 17 )123
( 46 , 18 )133
( 46 , 19 )131
( 46 , 20 )120
( 46 , 21 )203
( 46 , 22 )188
( 46 , 23 )108
( 46 , 24 )116
( 46 , 25 )110
( 46 , 26 )195
( 46 , 27 )105
( 46 , 28 )37
( 46 , 29 )39
( 46 , 30 )127
( 46 , 31 )38
( 46 , 32 )0
( 46 , 33 )17
( 46 , 34 )90
( 46 , 35 )203
( 46 , 36 )188
( 46 , 37 )108
( 46 , 38 )116
( 46 , 39 )110
( 46 , 40 )195
( 46 , 41 )105
( 46 , 42 )37
( 46 , 43 )39
( 46 , 44 )127
( 46 , 45 )38
( 46 , 46 )0
( 46 , 47 )17
( 47 , 0 )274
( 47 , 1 )454
( 47 , 2 )429
( 47 , 3 )378
( 47 , 4 )372
( 47 , 5 )288
( 47 , 6 )206
( 47 , 7 )206
( 47 , 8 )206
( 47 , 9 )217
( 47 , 10 )200
( 47 , 11 )223
( 47 , 12 )192
( 47 , 13 )196
( 47 , 14 )181
( 47 , 15 )195
( 47 , 16 )200
( 47 , 17 )126
( 47 , 18 )134
( 47 , 19 )134
( 47 , 20 )121
( 47 , 21 )206
( 47 , 22 )193
( 47 , 23 )111
( 47 , 24 )117
( 47 , 25 )113
( 47 , 26 )202
( 47 , 27 )112
( 47 , 28 )46
( 47 , 29 )48
( 47 , 30 )138
( 47 , 31 )45
( 47 , 32 )17
( 47 , 33 )0
( 47 , 34 )87
( 47 , 35 )206
( 47 , 36 )193
( 47 , 37 )111
( 47 , 38 )117
( 47 , 39 )113
( 47 , 40 )202
( 47 , 41 )112
( 47 , 42 )46
( 47 , 43 )48
( 47 , 44 )138
( 47 , 45 )45
( 47 , 46 )17
( 47 , 47 )0
计算完毕!